(base) tank@tank-System-Product-Name:~/gdeci$ ./run_laplacian_direct_estimator.sh

=== 2/2  results, in the order of Table (b) of short_version.tex ===
benchmark                       #pairs            Lap^std_raw            Lap^std_avg               Lap^unif               EdgeMass
AN                                 100      1.000 [0.96,1.00]      1.000 [0.96,1.00]      1.000 [0.96,1.00]      0.940 [0.88,0.97]
AN-s                               100      1.000 [0.96,1.00]      1.000 [0.96,1.00]      0.810 [0.72,0.87]      0.960 [0.90,0.98]
LS                                 100      1.000 [0.96,1.00]      1.000 [0.96,1.00]      1.000 [0.96,1.00]      0.920 [0.85,0.96]
LS-s                               100      0.690 [0.59,0.77]      0.430 [0.34,0.53]      0.920 [0.85,0.96]      0.950 [0.89,0.98]
MN-U                               100      0.910 [0.84,0.95]      0.710 [0.61,0.79]      0.990 [0.95,1.00]      0.990 [0.95,1.00]
SIM                                100      0.590 [0.49,0.68]      0.720 [0.63,0.80]      0.660 [0.56,0.75]      0.350 [0.26,0.45]
SIM-c                              100      0.590 [0.49,0.68]      0.620 [0.52,0.71]      0.660 [0.56,0.75]      0.360 [0.27,0.46]
SIM-G                              100      0.830 [0.74,0.89]      0.760 [0.67,0.83]      0.590 [0.49,0.68]      0.850 [0.77,0.91]
SIM-ln                             100      0.830 [0.74,0.89]      0.850 [0.77,0.91]      0.790 [0.70,0.86]      0.510 [0.41,0.61]
Cha                                300      0.470 [0.41,0.53]      0.500 [0.44,0.56]      0.517 [0.46,0.57]      0.583 [0.53,0.64]
Multi                              300      0.387 [0.33,0.44]      0.330 [0.28,0.39]      0.570 [0.51,0.62]      0.683 [0.63,0.73]
Net                                300      0.767 [0.72,0.81]      0.863 [0.82,0.90]      0.800 [0.75,0.84]      0.557 [0.50,0.61]
Tuebingen                           99      0.535 [0.44,0.63]      0.758 [0.66,0.83]      0.667 [0.57,0.75]      0.263 [0.19,0.36]
Tuebingen, weighted                 99      0.512 [0.39,0.64]      0.673 [0.54,0.78]      0.656 [0.53,0.77]      0.345 [0.23,0.47]
macro mean, 12 non-Tuebingen      1800      0.755 [0.73,0.77]      0.732 [0.71,0.75]      0.776 [0.76,0.79]      0.721 [0.70,0.74]

(Tuebingen is LOCI's 99-pair subset; weighted accuracy uses the pairmeta weights,
 effective sample size 56.8.)

total execution time: 0h 04m 55s
